2 3 609.751
3 6 601.553
2 6 600.069
3 8 596.28
2 8 594.796
3 10 592.436
3 7 591.68
3 4 590.952
2 10 590.952
2 7 590.196
2 4 589.468
3 5 588.262
2 5 586.778
6 8 586.599
3 9 583.619
6 10 582.755
2 9 582.135
6 7 581.999
4 6 581.271
3 11 580.805
2 11 579.32
5 6 578.58
8 10 577.482
7 8 576.726
4 8 575.998
6 9 573.938
5 8 573.308
7 10 572.882
3 13 572.872
4 10 572.154
4 7 571.398
2 13 571.388
6 11 571.123
3 16 570.495
3 12 569.71
5 10 569.463
2 16 569.011
5 7 568.708
8 9 568.665
2 12 568.226
4 5 567.98
8 11 565.85
1 3 564.943
9 10 564.821
7 9 564.065
1 2 563.459
4 9 563.337
6 13 563.19
10 11 562.006
7 11 561.25
6 16 560.813
5 9 560.646
4 11 560.522
6 12 560.029
3 15 559.743
3 19 558.886
2 15 558.259
8 13 557.918
5 11 557.832
2 19 557.402
8 16 555.54
3 14 555.491
1 6 555.262
3 17 555.251
8 12 554.756
10 13 554.073
2 14 554.007
2 17 553.767
7 13 553.317
9 11 553.189
4 13 552.589
10 16 551.696
7 16 550.94
10 12 550.912
4 16 550.212
7 12 550.156
6 15 550.062
1 8 549.989
5 13 549.899
4 12 549.428
6 19 549.204
3 18 548.224
5 16 547.522
3 21 546.968
2 18 546.74
5 12 546.737
1 10 546.145
6 14 545.81
6 17 545.57
2 21 545.484
1 7 545.389
9 13 545.256
8 15 544.789
1 4 544.661
8 19 543.932
9 16 542.879
11 13 542.442
9 12 542.095
1 5 541.971
10 15 540.945
8 14 540.537
8 17 540.297
7 15 540.189
10 19 540.087
11 16 540.065
4 15 539.461
7 19 539.332
11 12 539.28
4 19 538.604
6 18 538.542
1 9 537.328
6 21 537.286
5 15 536.771
10 14 536.693
10 17 536.452
7 14 535.937
